                     CLIMATOLOGICAL SUMMARY for year 2020


NAME: Olivehill                  
ELEV: 890 feet    LAT: 35-36.00 N    LONG: 120-42.00 W


                                       TEMPERATURE (F)

                              HEAT    COOL                              MAX    MAX    MIN    MIN
          MEAN   MEAN         DEG     DEG                                >=     <=     <=     <=
 YR  MO   MAX    MIN    MEAN  DAYS    DAYS      HI  DAY     LOW  DAY     90     32     32      0
------------------------------------------------------------------------------------------------
2020 01
2020 02
2020 03
2020 04
2020 05
2020 06   83.0   53.0   66.8   13.2   30.6    95.9   21    47.7   29      2      0      0      0
2020 07   87.9   52.7   68.7   27.5  142.3   106.2   12    46.3   03     14      0      0      0
2020 08   93.7   58.3   73.9    1.6  277.7   112.8   16    49.7   30     19      0      0      0
2020 09   94.4   54.5   72.1    8.7  222.1   117.5   06    45.6   12     24      0      0      0
2020 10   87.8   49.3   66.1   84.1  116.9   103.7   01    35.0   27     17      0      0      0
2020 11   69.9   37.0   52.2  384.8    0.0    90.7   01    26.3   28      1      0      7      0
2020 12   64.7   33.6   49.3  542.1    0.0    76.9   09    27.3   22      0      0     15      0
------------------------------------------------------------------------------------------------
          83.1   47.9   66.2 1062.0  789.7   117.5  Sep    26.3  Nov     77      0     22      0


                  PRECIPITATION (in)

                  MAX         ---DAYS OF RAIN---
                  OBS.               OVER
 YR  MO  TOTAL    DAY  DATE   0.01   0.10   1.00
------------------------------------------------
2020 01
2020 02
2020 03
2020 04
2020 05
2020 06   0.00   0.00    19      0      0      0
2020 07   0.00   0.00    01      0      0      0
2020 08   0.10   0.10    13      1      0      0
2020 09   0.00   0.00    01      0      0      0
2020 10   0.00   0.00    01      0      0      0
2020 11   0.27   0.23    07      2      1      0
2020 12   0.91   0.55    28      5      2      0
------------------------------------------------
          1.28   0.55   Dec      8      3      0


           WIND SPEED (mph)

                                DOM
 YR  MO    AVG     HI   DATE    DIR
-----------------------------------
2020 01
2020 02
2020 03
2020 04
2020 05
2020 06    5.2   33.0     22    218
2020 07    4.4   33.0     01    204
2020 08    3.5   31.0     10    219
2020 09    2.2   23.0     12    339
2020 10    2.0   25.0     22    241
2020 11    2.2   25.0     06    338
2020 12    1.3   23.0     13    351
-----------------------------------
           3.0   33.0    Jun    226
