                     CLIMATOLOGICAL SUMMARY for year 2022


NAME: Olivehill                  
ELEV: 890 feet    LAT: 35-36.00 N    LONG: 120-42.00 W


                                       TEMPERATURE (F)

                              HEAT    COOL                              MAX    MAX    MIN    MIN
          MEAN   MEAN         DEG     DEG                                >=     <=     <=     <=
 YR  MO   MAX    MIN    MEAN  DAYS    DAYS      HI  DAY     LOW  DAY     90     32     32      0
------------------------------------------------------------------------------------------------
2022 01   63.4   36.4   48.2  520.9    0.0    70.6   28    27.8   02      0      0     10      0
2022 02   68.5   32.6   49.3  440.3    0.0    84.3   12    24.2   24      0      0     14      0
2022 03   72.2   40.6   55.2  303.4    0.1    88.0   24    29.3   06      0      0      3      0
2022 04   76.0   43.2   58.5  209.4   14.1    95.3   07    36.8   13      2      0      0      0
2022 05   82.6   47.8   64.0   92.7   60.5    98.7   24    39.3   10      6      0      0      0
2022 06   93.7   55.8   74.1    9.1  282.2   107.2   27    44.6   18     21      0      0      0
2022 07   91.6   55.9   71.8    5.4  216.8   103.6   21    47.9   02     18      0      0      0
2022 08   94.0   57.6   73.4    2.8  262.9   106.9   31    50.1   29     22      0      0      0
2022 09   91.8   57.9   72.6   22.2  249.0   111.2   01    48.0   21     15      0      0      0
2022 10   82.6   46.8   62.0  135.9   43.0    96.9   07    37.5   29      9      0      0      0
2022 11   65.4   34.0   48.7  489.2    0.0    77.3   24    27.9   22      0      0     10      0
2022 12   57.8   38.7   47.1  553.8    0.0    68.1   25    26.0   18      0      0      4      0
------------------------------------------------------------------------------------------------
          78.3   45.7   60.5 2785.2 1128.6   111.2  Sep    24.2  Feb     93      0     41      0


                  PRECIPITATION (in)

                  MAX         ---DAYS OF RAIN---
                  OBS.               OVER
 YR  MO  TOTAL    DAY  DATE   0.01   0.10   1.00
------------------------------------------------
2022 01   0.05   0.04    17      2      0      0
2022 02   0.05   0.05    22      1      0      0
2022 03   1.32   1.18    28      4      1      1
2022 04   1.66   0.83    21      3      2      0
2022 05   0.00   0.00    01      0      0      0
2022 06   0.00   0.00    01      0      0      0
2022 07   0.00   0.00    01      0      0      0
2022 08   0.00   0.00    01      0      0      0
2022 09   0.21   0.20    19      2      1      0
2022 10   0.00   0.00    01      0      0      0
2022 11   0.79   0.62    08      3      2      0
2022 12   7.37   1.92    10     14      8      3
------------------------------------------------
         11.45   1.92   Dec     29     14      4


           WIND SPEED (mph)

                                DOM
 YR  MO    AVG     HI   DATE    DIR
-----------------------------------
2022 01
2022 02
2022 03
2022 04
2022 05
2022 06
2022 07
2022 08
2022 09
2022 10
2022 11
2022 12
