                     CLIMATOLOGICAL SUMMARY for year 2024


NAME: Olivehill                  
ELEV: 890 feet    LAT: 35-36.00 N    LONG: 120-42.00 W


                                       TEMPERATURE (F)

                              HEAT    COOL                              MAX    MAX    MIN    MIN
          MEAN   MEAN         DEG     DEG                                >=     <=     <=     <=
 YR  MO   MAX    MIN    MEAN  DAYS    DAYS      HI  DAY     LOW  DAY     90     32     32      0
------------------------------------------------------------------------------------------------
2024 01   60.5   40.5   49.4  483.2    0.0    76.3   28    27.1   12      0      0      3      0
2024 02   60.6   42.4   50.4  422.4    0.0    72.9   24    32.2   11      0      0      0      0
2024 03   64.2   41.3   52.1  401.1    0.0    77.5   19    34.6   15      0      0      0      0
2024 04   69.8   43.9   55.7  280.2    0.7    86.4   11    31.0   06      0      0      1      0
2024 05   76.8   46.3   59.9  170.6   13.2    91.2   30    38.7   05      1      0      0      0
2024 06   81.0   53.0   66.4   27.1   35.6   103.6   05    47.1   01      2      0      0      0
2024 07
2024 08
2024 09
2024 10
2024 11
2024 12
------------------------------------------------------------------------------------------------
          67.4   43.6   54.4 1784.6   49.4   103.6  Jun    27.1  Jan      3      0      4      0


                  PRECIPITATION (in)

                  MAX         ---DAYS OF RAIN---
                  OBS.               OVER
 YR  MO  TOTAL    DAY  DATE   0.01   0.10   1.00
------------------------------------------------
2024 01   2.57   0.52    20     14      7      0
2024 02   5.61   1.19    04     16     10      1
2024 03   2.69   1.27    29      7      4      1
2024 04   2.36   1.17    13      4      4      1
2024 05   0.07   0.07    04      1      0      0
2024 06   0.00   0.00    01      0      0      0
2024 07
2024 08
2024 09
2024 10
2024 11
2024 12
------------------------------------------------
         13.30   1.27   Mar     42     25      3


           WIND SPEED (mph)

                                DOM
 YR  MO    AVG     HI   DATE    DIR
-----------------------------------
2024 01
2024 02
2024 03
2024 04
2024 05
2024 06
2024 07
2024 08
2024 09
2024 10
2024 11
2024 12
