                     CLIMATOLOGICAL SUMMARY for year 2023


NAME: Olivehill                  
ELEV: 890 feet    LAT: 35-36.00 N    LONG: 120-42.00 W


                                       TEMPERATURE (F)

                              HEAT    COOL                              MAX    MAX    MIN    MIN
          MEAN   MEAN         DEG     DEG                                >=     <=     <=     <=
 YR  MO   MAX    MIN    MEAN  DAYS    DAYS      HI  DAY     LOW  DAY     90     32     32      0
------------------------------------------------------------------------------------------------
2023 01   57.5   38.5   47.0  556.6    0.0    65.3   26    28.8   24      0      0      9      0
2023 02   58.8   34.1   45.6  544.4    0.0    69.8   20    26.3   16      0      0      7      0
2023 03   58.7   40.9   48.9  499.1    0.0    67.9   18    29.5   02      0      0      3      0
2023 04   73.3   43.3   56.8  249.5    4.1    90.8   27    35.0   05      2      0      0      0
2023 05   74.3   47.7   59.2  204.7   24.6    96.2   13    40.2   06      5      0      0      0
2023 06   76.6   50.7   61.5  131.1   27.1   106.3   30    45.0   20      2      0      0      0
2023 07   95.9   57.2   74.6   11.4  308.2   109.1   01    49.0   05     22      0      0      0
2023 08   89.8   56.4   71.3    2.7  196.7   103.1   06    48.6   09     16      0      0      0
2023 09   80.4   53.2   64.5   61.3   45.0    97.8   10    44.9   26      3      0      0      0
2023 10   82.1   47.4   62.9  117.0   51.6    98.7   06    33.6   30      8      0      0      0
2023 11   71.3   39.6   54.0  328.7    0.0    86.3   03    30.5   25      0      0      1      0
2023 12   63.4   41.1   50.9  435.7    0.0    72.4   15    30.3   14      0      0      4      0
------------------------------------------------------------------------------------------------
          73.6   45.9   58.2 3142.0  657.2   109.1  Jul    26.3  Feb     58      0     24      0


                  PRECIPITATION (in)

                  MAX         ---DAYS OF RAIN---
                  OBS.               OVER
 YR  MO  TOTAL    DAY  DATE   0.01   0.10   1.00
------------------------------------------------
2023 01   8.66   3.69    09     15      9      2
2023 02   3.19   1.66    24      8      6      1
2023 03   6.70   1.70    14     17     10      3
2023 04   0.00   0.00    01      0      0      0
2023 05   0.13   0.08    02      3      0      0
2023 06   0.00   0.00    01      0      0      0
2023 07   0.00   0.00    01      0      0      0
2023 08   0.02   0.02    10      1      0      0
2023 09   0.00   0.00    01      0      0      0
2023 10   0.00   0.00    01      0      0      0
2023 11   1.96   1.93    18      2      1      1
2023 12   4.61   1.68    20      6      6      1
------------------------------------------------
         25.27   3.69   Jan     52     32      8


           WIND SPEED (mph)

                                DOM
 YR  MO    AVG     HI   DATE    DIR
-----------------------------------
2023 01
2023 02
2023 03
2023 04
2023 05
2023 06
2023 07
2023 08
2023 09
2023 10
2023 11
2023 12
