                     CLIMATOLOGICAL SUMMARY for year 2021


NAME: Olivehill                  
ELEV: 890 feet    LAT: 35-36.00 N    LONG: 120-42.00 W


                                       TEMPERATURE (°F)

                              HEAT    COOL                              MAX    MAX    MIN    MIN
          MEAN   MEAN         DEG     DEG                                >=     <=     <=     <=
 YR  MO   MAX    MIN    MEAN  DAYS    DAYS      HI  DAY     LOW  DAY     90     32     32      0
------------------------------------------------------------------------------------------------
2021 01   63.2   36.9   48.5  511.0    0.0    79.4   15    25.7   26      0      0      4      0
2021 02   66.2   38.1   50.9  395.4    0.0    74.5   07    30.2   18      0      0      1      0
2021 03   66.1   37.5   50.5  450.2    0.0    87.1   31    29.6   16      0      0      4      0
2021 04   74.4   42.6   56.6  262.2    8.5    93.5   30    38.0   04      2      0      0      0
2021 05   80.9   46.4   62.0  125.8   31.5    96.0   30    38.3   21      3      0      0      0
2021 06   88.2   53.7   69.1   49.9  173.4   107.2   17    41.7   10     16      0      0      0
2021 07   92.1   55.9   72.0    2.7  218.9   111.4   10    49.4   16     18      0      0      0
2021 08   90.5   55.3   70.9   13.3  195.2   106.5   15    49.1   26     17      0      0      0
2021 09   88.4   53.0   68.2   33.5  130.3   108.5   06    43.1   29     14      0      0      0
2021 10   76.3   45.8   59.8  177.7   15.5    95.5   03    35.3   13      3      0      0      0
2021 11   73.0   42.3   55.7  277.7    0.0    82.7   14    29.6   26      0      0      2      0
2021 12   57.8   37.0   46.2  581.3    0.0    81.1   01    26.5   12      0      0      5      0
------------------------------------------------------------------------------------------------
          76.5   45.4   59.2 2880.8  773.4   111.4  Jul    25.7  Jan     73      0     16      0


                  PRECIPITATION (in)

                  MAX         ---DAYS OF RAIN---
                  OBS.               OVER
 YR  MO  TOTAL    DAY  DATE   0.01   0.10   1.00
------------------------------------------------
2021 01   6.03   3.47    28      9      5      2
2021 02   0.01   0.01    12      1      0      0
2021 03   0.79   0.36    10      6      3      0
2021 04   0.00   0.00    01      0      0      0
2021 05   0.00   0.00    01      0      0      0
2021 06   0.00   0.00    01      0      0      0
2021 07   0.00   0.00    01      0      0      0
2021 08   0.00   0.00    01      0      0      0
2021 09   0.00   0.00    01      0      0      0
2021 10   0.05   0.03    25      3      0      0
2021 11   0.06   0.05    09      2      0      0
2021 12   7.45   1.54    23     14     10      3
------------------------------------------------
         14.39   3.47   Jan     35     18      5


           WIND SPEED (mph)

                                DOM
 YR  MO    AVG     HI   DATE    DIR
-----------------------------------
2021 01    1.3   36.0     27    169
2021 02    3.0   31.0     10    334
2021 03    2.3   29.0     15    250
2021 04    3.4   30.0     23    237
2021 05    4.6   35.0     14    266
2021 06    5.0   34.0     07    218
2021 07    4.3   36.0     25    198
2021 08    4.0   34.0     17    196
2021 09    2.4   32.0     14    193
2021 10    1.8   28.0     25    242
2021 11    1.1   21.0     08    355
2021 12    2.1   41.0     13    190
-----------------------------------
           2.9   41.0    Dec    219
